	10		20		30		40		60		80		100		140		200		300
0	0.340	0.357	0.381	0.391	0.442	0.461	0.485	0.526	0.589	0.662
1	0.338	0.358	0.378	0.392	0.459	0.478	0.503	0.545	0.609	0.683
2	0.478	0.494	0.534	0.533	0.488	0.505	0.531	0.571	0.636	0.711
3	0.587	0.615	0.655	0.652	0.535	0.547	0.577	0.614	0.679	0.751
4	0.665	0.695	0.733	0.739	0.630	0.648	0.670	0.707	0.760	0.820
5	0.722	0.759	0.794	0.802	0.732	0.743	0.772	0.806	0.860	0.906
6	0.762	0.801	0.837	0.848	0.802	0.817	0.841	0.873	0.918	0.955
7	0.790	0.836	0.871	0.883	0.855	0.870	0.893	0.922	0.965	0.994
8	0.808	0.861	0.896	0.911	0.894	0.906	0.929	0.956	0.993	1.016
9	0.823	0.878	0.910	0.928	0.920	0.935	0.956	0.981	1.015	1.034
10	0.831	0.894	0.926	0.940	0.941	0.955	0.975	0.998	1.029	1.046
11	0.837	0.901	0.935	0.952	0.957	0.969	0.988	1.010	1.040	1.054
12	0.840	0.907	0.943	0.959	0.967	0.979	0.999	1.019	1.047	1.058
13	0.841	0.911	0.948	0.963	0.974	0.987	1.005	1.025	1.051	1.061
14	0.839	0.912	0.949	0.965	0.978	0.991	1.009	1.030	1.054	1.063
15	0.839	0.912	0.950	0.966	0.981	0.994	1.012	1.031	1.055	1.064
16	0.837	0.912	0.946	0.966	0.984	0.995	1.013	1.032	1.056	1.064
17	0.834	0.911	0.946	0.964	0.984	0.995	1.011	1.032	1.056	1.063
18	0.830	0.907	0.943	0.963	0.982	0.995	1.012	1.031	1.054	1.063
19	0.829	0.904	0.941	0.961	0.982	0.995	1.010	1.029	1.054	1.061
20	0.825	0.903	0.940	0.960	0.980	0.992	1.008	1.029	1.052	1.060
21	0.822	0.899	0.938	0.956	0.978	0.991	1.008	1.028	1.050	1.058
22	0.818	0.895	0.938	0.955	0.975	0.987	1.005	1.025	1.049	1.056
23	0.815	0.891	0.933	0.953	0.972	0.986	1.004	1.024	1.047	1.055
24	0.811	0.888	0.931	0.950	0.971	0.984	1.002	1.021	1.044	1.053
25	0.809	0.883	0.925	0.947	0.969	0.981	0.998	1.020	1.043	1.052
26	0.804	0.881	0.922	0.944	0.965	0.979	0.996	1.016	1.041	1.050
27	0.798	0.877	0.918	0.940	0.963	0.977	0.993	1.014	1.038	1.046
28	0.796	0.874	0.918	0.939	0.960	0.974	0.992	1.013	1.035	1.046
29	0.792	0.868	0.913	0.935	0.958	0.970	0.990	1.011	1.034	1.044
30	0.788	0.866	0.909	0.929	0.955	0.969	0.987	1.008	1.033	1.042
31	0.784	0.861	0.906	0.926	0.950	0.966	0.985	1.006	1.030	1.041
32	0.780	0.858	0.903	0.924	0.949	0.964	0.982	1.004	1.029	1.038
33	0.775	0.856	0.899	0.918	0.946	0.960	0.980	0.999	1.025	1.035
34	0.774	0.853	0.895	0.917	0.943	0.959	0.977	1.000	1.025	1.035
35	0.767	0.849	0.892	0.914	0.940	0.955	0.975	0.996	1.022	1.032
36	0.765	0.844	0.889	0.911	0.936	0.953	0.972	0.994	1.021	1.031
37	0.761	0.841	0.886	0.908	0.934	0.949	0.969	0.990	1.018	1.029
38	0.758	0.839	0.881	0.903	0.932	0.948	0.966	0.990	1.016	1.027
39	0.753	0.833	0.879	0.902	0.928	0.945	0.963	0.987	1.014	1.024
40	0.751	0.830	0.875	0.896	0.925	0.943	0.963	0.985	1.011	1.023
41	0.746	0.825	0.871	0.895	0.922	0.939	0.958	0.982	1.009	1.021
42	0.743	0.822	0.868	0.889	0.920	0.937	0.956	0.980	1.008	1.019
43	0.739	0.818	0.865	0.887	0.915	0.933	0.953	0.977	1.006	1.018
44	0.736	0.814	0.861	0.885	0.913	0.931	0.952	0.976	1.003	1.015
45	0.733	0.811	0.857	0.881	0.910	0.929	0.949	0.973	1.002	1.013
46	0.730	0.808	0.853	0.879	0.906	0.925	0.947	0.970	0.998	1.011
47	0.727	0.806	0.849	0.875	0.904	0.923	0.942	0.967	0.997	1.009
48	0.720	0.801	0.845	0.871	0.900	0.920	0.941	0.964	0.993	1.007
49	0.719	0.796	0.841	0.870	0.898	0.917	0.938	0.964	0.992	1.005
50	0.715	0.794	0.837	0.866	0.894	0.914	0.934	0.960	0.989	1.002
55	0.697	0.774	0.820	0.848	0.879	0.898	0.921	0.948	0.977	0.992
60	0.679	0.758	0.802	0.830	0.862	0.884	0.907	0.935	0.965	0.982
65	0.664	0.738	0.785	0.812	0.846	0.870	0.893	0.921	0.953	0.970
70	0.649	0.722	0.766	0.797	0.831	0.855	0.879	0.908	0.941	0.959
75	0.633	0.706	0.749	0.779	0.815	0.840	0.865	0.896	0.929	0.949
80	0.617	0.689	0.733	0.763	0.799	0.826	0.850	0.882	0.916	0.937
85	0.603	0.675	0.716	0.744	0.784	0.810	0.836	0.868	0.904	0.926
90	0.588	0.656	0.700	0.729	0.769	0.794	0.821	0.855	0.892	0.914
95	0.576	0.644	0.685	0.712	0.752	0.781	0.809	0.842	0.879	0.903
100	0.562	0.626	0.667	0.698	0.736	0.766	0.794	0.829	0.867	0.891
105	0.547	0.612	0.655	0.683	0.724	0.753	0.779	0.817	0.854	0.879
110	0.535	0.599	0.639	0.667	0.708	0.738	0.766	0.803	0.842	0.869
115	0.521	0.585	0.624	0.652	0.694	0.724	0.752	0.789	0.830	0.856
120	0.510	0.571	0.608	0.638	0.679	0.710	0.740	0.777	0.818	0.845
125	0.497	0.558	0.596	0.626	0.666	0.697	0.725	0.765	0.805	0.834
130	0.484	0.545	0.582	0.610	0.651	0.683	0.713	0.752	0.792	0.822
135	0.474	0.531	0.569	0.597	0.638	0.669	0.700	0.739	0.782	0.810
140	0.463	0.519	0.557	0.583	0.625	0.655	0.686	0.727	0.769	0.800
145	0.452	0.506	0.544	0.569	0.612	0.643	0.673	0.714	0.758	0.789
150	0.442	0.495	0.532	0.558	0.600	0.630	0.659	0.701	0.746	0.778
155	0.430	0.484	0.519	0.545	0.586	0.618	0.647	0.689	0.733	0.766
160	0.420	0.474	0.506	0.532	0.574	0.605	0.634	0.676	0.722	0.756
165	0.411	0.462	0.496	0.521	0.561	0.593	0.623	0.664	0.710	0.744
170	0.401	0.450	0.484	0.509	0.550	0.580	0.610	0.653	0.698	0.733
175	0.392	0.440	0.475	0.498	0.538	0.568	0.598	0.640	0.687	0.722
180	0.383	0.430	0.462	0.486	0.527	0.557	0.586	0.629	0.676	0.711
185	0.374	0.420	0.453	0.476	0.516	0.546	0.575	0.617	0.664	0.701
190	0.367	0.410	0.443	0.466	0.504	0.534	0.564	0.607	0.653	0.689
195	0.358	0.400	0.433	0.455	0.494	0.523	0.553	0.595	0.642	0.679
200	0.350	0.391	0.424	0.443	0.483	0.513	0.542	0.584	0.632	0.669
205	0.342	0.384	0.414	0.435	0.473	0.502	0.531	0.574	0.621	0.658
210	0.333	0.374	0.404	0.426	0.462	0.491	0.522	0.563	0.609	0.648
215	0.325	0.366	0.395	0.416	0.453	0.482	0.511	0.553	0.600	0.638
220	0.318	0.357	0.385	0.407	0.443	0.472	0.501	0.543	0.589	0.627
225	0.311	0.350	0.376	0.398	0.434	0.462	0.491	0.531	0.579	0.618
230	0.305	0.341	0.369	0.389	0.425	0.453	0.481	0.522	0.568	0.608
235	0.297	0.334	0.362	0.382	0.416	0.443	0.472	0.512	0.559	0.599
240	0.291	0.327	0.353	0.373	0.407	0.433	0.461	0.503	0.549	0.589
245	0.285	0.319	0.345	0.364	0.398	0.425	0.453	0.494	0.539	0.580
250	0.277	0.313	0.336	0.356	0.390	0.416	0.444	0.483	0.531	0.570
255	0.272	0.306	0.329	0.349	0.382	0.408	0.435	0.474	0.521	0.561
260	0.265	0.299	0.322	0.341	0.374	0.400	0.426	0.465	0.512	0.552
265	0.260	0.292	0.316	0.333	0.366	0.392	0.418	0.457	0.503	0.543
270	0.255	0.285	0.307	0.326	0.358	0.383	0.409	0.449	0.494	0.533
275	0.249	0.278	0.302	0.319	0.351	0.376	0.401	0.440	0.485	0.525
280	0.242	0.273	0.297	0.312	0.343	0.368	0.393	0.431	0.477	0.516
285	0.238	0.267	0.289	0.304	0.336	0.360	0.385	0.423	0.469	0.508
290	0.232	0.260	0.282	0.298	0.328	0.353	0.377	0.416	0.460	0.500
295	0.228	0.255	0.275	0.292	0.321	0.346	0.370	0.407	0.452	0.492
300	0.220	0.249	0.270	0.286	0.315	0.339	0.363	0.400	0.444	0.484
305	0.217	0.243	0.264	0.280	0.308	0.332	0.355	0.393	0.437	0.475
310	0.213	0.238	0.260	0.272	0.302	0.325	0.349	0.385	0.428	0.467
315	0.207	0.233	0.254	0.267	0.296	0.318	0.342	0.378	0.421	0.459
320	0.202	0.228	0.247	0.262	0.289	0.312	0.335	0.370	0.413	0.452
325	0.197	0.224	0.243	0.256	0.284	0.306	0.328	0.363	0.406	0.444
330	0.194	0.219	0.237	0.250	0.278	0.300	0.321	0.357	0.399	0.436
335	0.189	0.214	0.232	0.246	0.272	0.293	0.316	0.349	0.392	0.429
340	0.185	0.208	0.227	0.240	0.266	0.287	0.310	0.342	0.384	0.422
345	0.181	0.205	0.223	0.234	0.261	0.282	0.303	0.336	0.378	0.415
350	0.178	0.199	0.218	0.230	0.255	0.277	0.297	0.330	0.371	0.408